station_id
1001
1002
1003
1006
1007
1008
1009
1010
1011
1015
1016
1017
1018
1020
1023
1024
1025
1026
1027
1028
1033
1035
1036
1037
1042
1043
1044
1045
1046
1047
1049
1052
1055
1057
1058
1059
1062
1065
1068
1074
1076
1078
1082
1083
1084
1086
1088
1089
1092
1098
1099
1102
1105
1107
1108
1112
1114
1115
1116
1117
1121
1122
1124
1132
1133
1135
1139
1143
1144
1146
1147
1148
1150
1151
1152
1156
1158
1160
1161
1162
1167
1169
1180
1183
1192
1193
1198
1199
1203
1205
1207
1209
1210
1212
1214
1217
1218
1220
1221
1223
1224
1225
1228
1229
1230
1232
1233
1234
1237
1238
1239
1240
1241
1242
1245
1250
1253
1254
1257
1259
1262
1265
1270
1271
1272
1273
1277
1278
1281
1282
1287
1288
1290
1291
1293
1298
1300
1304
1307
1308
1310
1311
1314
1315
1317
1318
1319
1320
1321
1322
1323
1326
1327
1329
1332
1336
1337
1338
1340
1342
1344
1346
1347
1350
1352
1355
1356
1357
1358
1359
1360
1361
1362
1363
1364
1365
1366
1367
1368
1369
1370
1371
1373
1374
1375
1376
1378
1380
1381
1382
1383
1384
1385
1386
1387
1389
1392
1393
1397
1400
1403
1406
1408
1411
1412
1413
1414
1415
1416
1417
1418
1419
1422
1424
1425
1426
1427
1429
1430
1431
1433
1434
1436
1439
1440
1441
1442
1444
1447
1448
1449
1450
1452
1453
1455
1459
1460
1461
1462
1463
1464
1465
1466
1467
1468
1469
1470
1471
1473
1476
1477
1478
1480
1481
1482
1484
1485
1486
1487
1488
1489
1490
1492
1493
1494
1495
2013
2019
2020
2024
2029
2031
2036
2038
2044
2049
2054
2055
2064
2072
2081
2095
2101
2102
2103
2110
2119
2120
2121
2123
2124
2126
2130
2135
2141
2146
2147
2149
2151
2154
2161
2170
2171
2173
2174
2176
2181
2184
2186
2188
2191
2197
2199
2207
2209
2210
2216
2217
2219
2221
2226
2230
2231
2233
2236
2242
2243
2245
2247
2254
2256
2260
2261
2263
2265
2267
2269
2271
2282
2284
2286
2287
2292
2293
2297
2302
2303
2307
2308
2311
2317
2319
2321
2325
2327
2329
2331
2337
2338
2343
2347
2349
2354
2355
2366
2368
2382
2403
2407
2408
2411
2413
2417
2418
2423
2426
2429
2431
2432
2435
2440
2441
2443
2449
2450
2452
2453
2456
2458
2460
2462
2464
2468
2469
2472
2476
2481
2482
2484
2485
2486
2488
2489
2490
2493
2496
2498
2500
2501
2505
2507
2513
2515
2516
2518
2520
2521
2526
2527
2536
2539
2540
2542
2544
2545
2546
2548
2549
2550
2552
2553
2554
2556
2557
2558
2559
2561
2562
2563
2565
2567
2574
2575
2587
2589
2590
2595
2598
2602
2603
2605
2607
2609
2611
2615
2616
2618
2622
2623
2625
2628
2629
2632
2635
2636
2644
2646
2648
2652
2661
2664
2667
2670
2679
2701
2702
2703
2704
2705
2706
2708
2710
2713
2714
2717
2718
2719
2720
2721
2722
2723
2725
2726
2727
2732
2733
2734
2735
2736
2737
2738
2739
2741
2743
2744
2745
2746
2747
2748
2750
2751
2752
2753
2754
2755
2756
2757
2758
2759
2761
2763
2765
2766
2767
2768
2769
2770
2771
2772
2773
2777
2778
2780
2781
2787
2788
2789
2790
2791
2793
2794
2795
2796
2797
2798
2799
2800
2801
2803
2804
2805
2807
2811
2812
2813
2814
2815
2816
2817
2818
2819
2820
2821
2823
2824
2825
2827
2828
2829
2830
2831
2832
2833
2834
2835
2836
2842
2844
2845
2847
2849
2850
2851
2852
2857
2858
2859
2860
2862
2864
2866
2868
2869
2872
2873
2874
2876
2880
2881
2882
2883
2888
2889
2890
2897
2903
2906
2907
2910
2913
2914
2915
2917
2919
2920
2924
2926
2927
2928
2929
2930
2931
2934
2935
2937
2939
2942
2943
2944
2945
2946
2947
2948
2949
2950
2955
2956
2957
2958
2959
2963
2964
2965
2966
2967
2970
2974
2976
2978
2979
2980
2981
2982
2983
2984
2986
2987
2989
2991
2992
2993
2997
2998
3002
3005
3008
3010
3014
3017
3023
3026
3031
3034
3037
3039
3041
3044
3047
3062
3063
3065
3066
3068
3072
3075
3080
3088
3091
3094
3100
3105
3111
3120
3132
3134
3136
3140
3144
3148
3153
3155
3158
3162
3166
3171
3204
3210
3212
3214
3220
3224
3225
3226
3227
3230
3238
3240
3257
3261
3265
3266
3275
3281
3292
3301
3302
3305
3313
3316
3318
3321
3330
3344
3346
3351
3354
3373
3377
3379
3382
3385
3391
3392
3405
3409
3410
3414
3462
3469
3482
3488
3502
3503
3507
3520
3522
3529
3535
3544
3560
3590
3604
3605
3609
3628
3647
3649
3658
3660
3672
3680
3684
3693
3707
3710
3716
3740
3743
3746
3749
3761
3768
3769
3770
3772
3781
3784
3796
3797
3803
3808
3809
3823
3827
3839
3840
3853
3857
3862
3866
3872
3874
3876
3882
3894
3895
3901
3904
3907
3911
3915
3916
3917
3923
3951
3952
3953
3955
3956
3961
3962
3963
3966
3967
3969
3970
3971
3973
3976
3978
3979
3980
4005
4013
4018
4030
4038
4053
4063
4073
4082
4085
4094
4097
4104
4115
4120
4123
4124
4127
4130
4137
4145
4156
4165
4176
4180
4197
4203
4205
4208
4211
4213
4214
4220
4221
4224
4228
4231
4234
4241
4242
4250
4253
4254
4260
4266
4270
4272
4285
4301
4312
4313
4320
4330
4339
4341
4351
4360
4361
4373
4382
4390
4416
4485
4488
5001
5002
5005
5010
5054
5060
5064
5104
5120
5121
5180
5181
6005
6009
6011
6012
6019
6021
6030
6031
6032
6033
6041
6044
6049
6052
6055
6056
6058
6060
6065
6068
6069
6070
6072
6073
6074
6079
6080
6081
6082
6093
6096
6100
6102
6104
6109
6110
6119
6120
6123
6124
6126
6135
6136
6138
6141
6147
6149
6151
6154
6156
6159
6168
6169
6170
6174
6180
6181
6183
6188
6190
6193
6197
6201
6203
6204
6205
6206
6207
6208
6209
6210
6211
6212
6215
6225
6235
6239
6240
6242
6248
6249
6251
6252
6257
6258
6260
6267
6269
6270
6273
6275
6277
6278
6279
6280
6283
6285
6286
6290
6308
6310
6311
6312
6313
6315
6316
6319
6320
6321
6324
6330
6331
6340
6343
6344
6348
6350
6356
6370
6375
6377
6380
6391
6400
6407
6414
6418
6428
6431
6432
6434
6438
6439
6447
6449
6450
6451
6455
6456
6458
6459
6464
6465
6472
6476
6477
6478
6479
6484
6490
6494
6496
6590
6601
6602
6604
6605
6606
6608
6609
6610
6612
6616
6617
6618
6619
6620
6621
6623
6624
6625
6626
6627
6628
6631
6632
6633
6635
6636
6637
6638
6639
6641
6643
6644
6645
6646
6648
6650
6651
6655
6656
6657
6659
6660
6664
6666
6669
6670
6671
6672
6673
6674
6675
6676
6679
6680
6681
6682
6683
6685
6686
6687
6688
6689
6690
6693
6695
6700
6702
6704
6705
6706
6707
6708
6709
6711
6712
6714
6715
6717
6720
6721
6722
6723
6724
6725
6727
6728
6730
6731
6733
6734
6735
6739
6740
6744
6745
6747
6748
6749
6750
6751
6752
6753
6754
6756
6758
6759
6760
6762
6770
6771
6777
6778
6779
6780
6782
6783
6784
6786
6787
6788
6789
6790
6791
6792
6793
6794
6795
6796
6798
6799
6990
7002
7003
7004
7005
7010
7015
7019
7020
7022
7024
7026
7027
7028
7029
7031
7034
7037
7038
7040
7046
7055
7057
7061
7072
7075
7090
7093
7100
7102
7106
7107
7109
7110
7116
7117
7118
7120
7125
7130
7133
7134
7139
7140
7143
7145
7146
7147
7149
7150
7153
7156
7157
7168
7169
7180
7181
7190
7200
7201
7203
7205
7207
7208
7216
7217
7222
7230
7235
7240
7245
7247
7249
7255
7257
7260
7266
7280
7283
7288
7292
7299
7300
7306
7311
7314
7315
7316
7330
7335
7354
7361
7374
7379
7385
7386
7412
7434
7438
7460
7471
7475
7480
7481
7482
7486
7491
7497
7500
7502
7503
7510
7524
7530
7535
7540
7549
7552
7554
7558
7560
7563
7570
7577
7579
7586
7588
7591
7600
7602
7603
7607
7610
7621
7622
7627
7630
7632
7635
7638
7641
7643
7645
7646
7647
7648
7650
7656
7660
7661
7666
7667
7670
7675
7677
7678
7681
7684
7688
7690
7737
7740
7747
7749
7752
7753
7754
7761
7765
7768
7770
7775
7780
7785
7790
7791
8001
8008
8011
8014
8015
8021
8023
8025
8027
8029
8042
8044
8045
8048
8053
8055
8075
8080
8084
8085
8094
8130
8140
8141
8148
8157
8160
8171
8175
8181
8184
8202
8210
8213
8215
8221
8223
8224
8226
8231
8232
8235
8238
8261
8272
8280
8284
8286
8306
8314
8330
8348
8359
8360
8373
8383
8391
8397
8410
8417
8419
8429
8430
8433
8451
8482
8487
8495
8501
8505
8506
8509
8511
8512
8515
8521
8522
8524
8531
8532
8533
8534
8535
8537
8540
8541
8544
8545
8548
8551
8554
8558
8560
8561
8562
8567
8568
8570
8571
8575
8579
8583
8589
8594
10004
10007
10015
10020
10022
10028
10033
10035
10037
10038
10042
10044
10046
10055
10091
10093
10097
10113
10121
10124
10125
10126
10127
10129
10130
10131
10136
10139
10141
10142
10146
10147
10150
10152
10156
10157
10161
10162
10168
10170
10172
10180
10184
10192
10193
10200
10204
10210
10224
10235
10238
10246
10249
10253
10261
10264
10267
10268
10270
10281
10282
10289
10291
10304
10305
10306
10308
10309
10312
10315
10317
10321
10325
10334
10335
10338
10343
10348
10356
10359
10361
10365
10368
10376
10379
10381
10382
10384
10385
10393
10396
10400
10410
10418
10424
10427
10430
10433
10435
10439
10441
10442
10444
10449
10452
10453
10454
10458
10460
10466
10469
10471
10474
10476
10480
10488
10490
10495
10496
10499
10500
10502
10505
10506
10513
10516
10519
10520
10526
10532
10534
10537
10540
10542
10544
10548
10552
10554
10557
10564
10565
10567
10569
10574
10577
10578
10579
10582
10591
10609
10613
10615
10616
10618
10628
10635
10637
10641
10646
10648
10655
10658
10671
10675
10685
10686
10688
10704
10706
10708
10724
10729
10731
10733
10736
10738
10739
10742
10743
10747
10756
10761
10763
10765
10771
10776
10777
10782
10788
10791
10796
10803
10805
10815
10818
10827
10836
10837
10838
10840
10850
10852
10853
10856
10857
10860
10863
10865
10870
10872
10875
10895
10908
10929
10945
10946
10948
10954
10961
10962
10963
10982
11001
11004
11008
11010
11012
11015
11018
11019
11020
11021
11022
11024
11030
11032
11034
11035
11036
11040
11051
11053
11055
11060
11070
11075
11078
11082
11101
11105
11109
11110
11112
11116
11120
11126
11127
11129
11130
11135
11136
11137
11138
11141
11142
11144
11146
11147
11148
11149
11150
11152
11153
11154
11155
11157
11165
11170
11171
11173
11180
11182
11185
11190
11192
11194
11202
11204
11212
11213
11225
11229
11231
11232
11240
11241
11244
11248
11252
11255
11261
11270
11275
11280
11292
11302
11308
11310
11320
11340
11343
11345
11346
11348
11350
11351
11354
11355
11356
11357
11358
11362
11370
11372
11380
11382
11384
11385
11389
11406
11414
11423
11438
11450
11457
11464
11487
11502
11509
11518
11520
11538
11546
11567
11603
11624
11628
11636
11643
11652
11653
11659
11669
11679
11683
11692
11693
11698
11710
11723
11730
11766
11774
11782
11787
11816
11819
11826
11841
11855
11856
11858
11867
11880
11903
11916
11918
11927
11930
11933
11934
11938
11952
11958
11968
11976
11978
11993
12100
12105
12115
12120
12125
12135
12160
12185
12195
12200
12205
12210
12215
12230
12235
12250
12270
12272
12280
12285
12295
12300
12310
12330
12345
12360
12375
12385
12399
12400
12415
12418
12424
12435
12455
12465
12469
12488
12495
12497
12500
12510
12520
12530
12540
12550
12560
12566
12570
12575
12580
12585
12595
12600
12625
12650
12660
12670
12690
12695
12756
12766
12772
12786
12805
12812
12815
12822
12830
12836
12843
12846
12847
12851
12860
12866
12870
12882
12892
12910
12915
12922
12925
12930
12935
12942
12950
12960
12970
12982
12992
13067
13160
13168
13173
13174
13180
13183
13262
13266
13269
13272
13274
13278
13279
13285
13289
13295
13363
13367
13369
13370
13376
13378
13383
13384
13388
13389
13397
13457
13459
13461
13462
13463
13489
13493
13577
13578
13579
13583
13585
13586
13591
13592
13597
13598
13600
13601
13610
13611
13615
13619
13622
13624
13625
13629
14006
14007
14008
14009
14010
14012
14014
14015
14021
14023
14024
14026
14031
14105
14106
14112
14118
14120
14121
14122
14216
14219
14232
14234
14235
14236
14240
14241
14244
14246
14248
14253
14256
14258
14280
14284
14307
14308
14314
14317
14321
14323
14324
14328
14330
14370
14382
14428
14431
14438
14441
14443
14444
14445
14447
14452
14454
14462
14472
14474
14528
14537
14542
14543
14544
14549
14554
14557
14640
14648
14650
14652
14654
14657
15000
15004
15007
15010
15014
15015
15020
15023
15025
15033
15042
15044
15047
15056
15063
15069
15073
15080
15083
15085
15088
15090
15094
15095
15099
15107
15108
15109
15111
15113
15117
15118
15119
15120
15123
15124
15127
15136
15138
15140
15143
15145
15148
15150
15154
15160
15162
15163
15165
15168
15170
15179
15182
15184
15189
15194
15197
15199
15200
15204
15206
15208
15209
15215
15217
15219
15230
15231
15235
15238
15245
15247
15254
15260
15261
15262
15264
15265
15270
15277
15279
15280
15284
15285
15289
15292
15296
15297
15300
15301
15302
15307
15310
15314
15315
15316
15317
15319
15320
15324
15325
15328
15333
15335
15336
15337
15338
15340
15341
15344
15345
15346
15347
15349
15350
15360
15364
15366
15369
15373
15375
15377
15387
15388
15395
15402
15405
15406
15408
15409
15410
15412
15416
15419
15420
15421
15422
15425
15428
15434
15444
15445
15450
15455
15460
15462
15465
15469
15470
15475
15479
15480
15482
15489
15490
15491
15494
15498
15499
15502
15525
15549
15552
15600
15614
15615
15640
15655
15712
15730
16008
16014
16020
16021
16022
16033
16036
16037
16040
16045
16052
16058
16059
16060
16061
16064
16066
16068
16072
16076
16080
16084
16088
16089
16090
16094
16098
16099
16101
16105
16107
16108
16110
16114
16115
16119
16120
16124
16125
16126
16129
16130
16132
16133
16134
16138
16140
16146
16147
16148
16149
16153
16158
16168
16170
16172
16179
16182
16190
16191
16192
16197
16204
16206
16210
16214
16216
16219
16224
16226
16227
16230
16232
16233
16234
16235
16239
16242
16243
16244
16245
16252
16253
16258
16261
16263
16266
16270
16280
16289
16294
16310
16312
16314
16316
16318
16320
16325
16332
16334
16337
16342
16344
16360
16362
16400
16405
16420
16422
16429
16434
16436
16442
16450
16453
16459
16460
16465
16469
16470
16480
16490
16520
16522
16531
16539
16541
16542
16546
16550
16560
16564
16597
16614
16622
16627
16641
16643
16648
16650
16667
16675
16682
16684
16710
16716
16723
16732
16734
16738
16743
16746
16749
16754
17022
17024
17026
17031
17034
17038
17042
17050
17056
17060
17067
17070
17074
17084
17086
17088
17090
17092
17096
17098
17112
17115
17116
17120
17124
17128
17140
17150
17155
17160
17170
17180
17184
17188
17190
17195
17197
17200
17202
17203
17210
17219
17234
17237
17240
17244
17248
17250
17260
17270
17280
17290
17292
17295
17300
17310
17320
17330
17350
17370
17375
17500
17510
17515
17521
17540
17600
17601
17607
17609
20046
20069
20087
20107
20292
20353
20471
20667
20674
20744
20871
20891
20946
20967
20978
21432
21535
21608
21636
21711
21721
21802
21813
21821
21824
21908
21921
21931
21937
21946
21978
21982
22003
22004
22012
22028
22100
22101
22105
22106
22113
22127
22140
22165
22193
22212
22213
22217
22235
22249
22271
22282
22292
22305
22312
22324
22334
22349
22361
22365
22383
22408
22413
22429
22438
22446
22456
22471
22481
22520
22525
22529
22541
22546
22550
22551
22559
22563
22573
22583
22602
22619
22621
22638
22641
22648
22656
22671
22676
22686
22695
22717
22721
22727
22749
22762
22768
22778
22798
22802
22805
22820
22829
22831
22837
22845
22854
22867
22869
22876
22887
22889
22891
22892
22897
22912
22913
22917
22925
22939
22951
22954
22974
22981
22983
22996
23022
23032
23058
23074
23078
23112
23114
23174
23179
23205
23219
23226
23242
23256
23274
23305
23324
23330
23339
23345
23358
23376
23383
23405
23412
23418
23426
23431
23443
23445
23453
23463
23465
23471
23472
23503
23518
23527
23552
23578
23589
23606
23625
23631
23635
23656
23657
23662
23678
23699
23701
23708
23711
23724
23734
23741
23748
23758
23774
23776
23788
23803
23804
23812
23823
23847
23849
23862
23867
23884
23891
23909
23914
23921
23929
23933
23939
23946
23947
23955
23966
23973
23975
23982
23986
23987
23992
24076
24125
24136
24143
24194
24219
24261
24263
24266
24322
24329
24338
24343
24361
24371
24382
24449
24462
24477
24507
24525
24538
24557
24585
24588
24606
24639
24641
24643
24644
24652
24656
24661
24668
24671
24679
24684
24688
24691
24724
24725
24726
24737
24738
24739
24753
24758
24763
24768
24771
24790
24802
24807
24817
24826
24843
24856
24871
24894
24898
24908
24918
24923
24928
24933
24944
24951
24959
24962
24966
24967
24982
24988
25017
25034
25042
25044
25051
25062
25121
25123
25129
25138
25147
25151
25206
25248
25282
25335
25356
25378
25399
25400
25428
25469
25503
25538
25551
25561
25563
25627
25648
25700
25703
25705
25707
25715
25745
25808
25820
25904
25913
25916
25919
25922
25927
25941
25956
26029
26038
26045
26046
26058
26059
26063
26067
26069
26072
26078
26080
26094
26099
26115
26120
26124
26128
26134
26135
26141
26144
26145
26157
26167
26179
26214
26218
26226
26227
26229
26231
26233
26238
26242
26247
26249
26258
26268
26275
26285
26291
26298
26313
26314
26318
26324
26326
26335
26339
26346
26348
26359
26378
26381
26389
26393
26406
26416
26422
26424
26425
26429
26435
26447
26456
26477
26479
26499
26501
26509
26515
26518
26524
26529
26531
26544
26554
26578
26585
26600
26621
26629
26633
26634
26636
26643
26645
26653
26657
26659
26666
26668
26695
26702
26711
26714
26730
26759
26763
26774
26781
26784
26795
26825
26832
26836
26846
26850
26853
26855
26863
26864
26878
26882
26887
26894
26898
26923
26938
26941
26951
26961
26966
26976
26997
27008
27020
27026
27037
27051
27066
27083
27106
27108
27113
27164
27176
27199
27208
27215
27223
27225
27242
27252
27271
27277
27283
27296
27316
27321
27329
27333
27347
27355
27369
27373
27393
27402
27417
27453
27459
27479
27485
27491
27507
27511
27523
27532
27539
27577
27593
27595
27606
27611
27612
27627
27643
27648
27653
27665
27675
27679
27697
27703
27707
27719
27730
27745
27752
27756
27760
27776
27785
27799
27817
27821
27823
27835
27848
27857
27858
27872
27894
27906
27921
27928
27930
27935
27947
27955
27957
27962
27972
27981
27983
27995
28009
28044
28049
28064
28076
28097
28116
28138
28144
28165
28214
28216
28224
28240
28255
28275
28319
28321
28334
28366
28367
28382
28383
28411
28418
28428
28434
28440
28451
28465
28481
28491
28493
28502
28506
28517
28522
28537
28541
28552
28573
28586
28588
28593
28612
28615
28621
28645
28655
28661
28666
28676
28688
28696
28698
28704
28705
28711
28719
28722
28748
28756
28766
28786
28791
28797
28799
28806
28825
28838
28867
28879
28900
28908
28909
28916
28952
28966
28978
28984
29023
29059
29068
29111
29122
29149
29203
29209
29231
29253
29263
29274
29276
29282
29313
29328
29332
29348
29363
29367
29374
29379
29393
29405
29418
29430
29456
29464
29467
29471
29477
29481
29485
29524
29551
29553
29557
29558
29561
29562
29563
29566
29570
29571
29576
29578
29580
29581
29587
29594
29602
29605
29612
29625
29631
29636
29638
29645
29653
29654
29662
29664
29674
29676
29698
29706
29712
29724
29726
29736
29752
29759
29766
29768
29771
29772
29789
29802
29807
29813
29814
29822
29827
29838
29846
29864
29866
29869
29874
29876
29892
29915
29923
29937
29939
29956
29974
29998
30028
30054
30074
30089
30127
30142
30157
30165
30173
30198
30230
30252
30309
30323
30328
30337
30372
30385
30393
30405
30433
30439
30455
30493
30499
30504
30521
30526
30554
30603
30612
30622
30627
30635
30636
30637
30650
30664
30669
30673
30683
30686
30692
30695
30703
30710
30714
30731
30739
30741
30745
30758
30764
30777
30781
30802
30815
30822
30823
30829
30838
30844
30846
30859
30862
30879
30925
30935
30949
30957
30961
30965
30967
30971
30975
30978
31004
31005
31011
31016
31026
31041
31054
31062
31083
31087
31088
31096
31102
31123
31137
31152
31168
31174
31253
31285
31295
31300
31329
31348
31369
31371
31388
31416
31418
31439
31442
31445
31474
31478
31484
31489
31512
31513
31521
31527
31532
31534
31538
31561
31583
31587
31594
31624
31632
31655
31683
31702
31707
31713
31725
31733
31735
31754
31770
31801
31825
31832
31845
31866
31873
31878
31909
31913
31915
31921
31939
31959
31960
31961
31969
31981
31987
31989
32010
32027
32053
32061
32069
32076
32098
32099
32121
32128
32150
32165
32213
32215
32222
32252
32287
32333
32389
32408
32411
32477
32509
32519
32562
32580
32583
32594
32618
33008
33019
33027
33036
33038
33041
33049
33058
33067
33088
33124
33135
33173
33177
33187
33203
33213
33228
33231
33246
33261
33268
33275
33287
33297
33299
33301
33312
33317
33325
33345
33356
33362
33376
33377
33393
33398
33409
33415
33429
33439
33446
33464
33466
33487
33495
33506
33511
33516
33526
33536
33548
33557
33562
33564
33577
33581
33586
33587
33598
33605
33609
33614
33621
33631
33634
33638
33647
33651
33657
33658
33663
33686
33711
33717
33723
33761
33777
33791
33815
33837
33846
33862
33869
33889
33902
33910
33915
33924
33939
33946
33976
33983
33990
34003
34009
34013
34047
34056
34072
34083
34098
34109
34110
34123
34139
34146
34152
34163
34171
34186
34199
34202
34231
34238
34240
34247
34253
34254
34262
34267
34273
34300
34302
34304
34312
34319
34321
34336
34344
34356
34357
34363
34373
34391
34398
34401
34407
34409
34415
34438
34445
34461
34476
34504
34509
34510
34523
34524
34535
34537
34545
34555
34560
34578
34579
34601
34607
34609
34644
34646
34655
34662
34691
34712
34720
34727
34730
34740
34743
34759
34772
34785
34798
34824
34838
34845
34858
34861
34866
34868
34871
34880
34887
34927
34949
34954
34958
34975
34984
35001
35007
35011
35026
35037
35067
35078
35085
35092
35108
35121
35127
35138
35167
35173
35188
35217
35229
35235
35302
35334
35357
35358
35361
35394
35406
35416
35426
35475
35497
35532
35576
35615
35662
35671
35699
35700
35701
35746
35793
35796
35849
35925
35953
35969
36003
36020
36021
36022
36026
36034
36038
36058
36061
36064
36073
36078
36083
36090
36091
36092
36096
36103
36104
36152
36177
36197
36208
36229
36259
36278
36307
36341
36397
36428
36535
36639
36686
36785
36821
36856
36859
36864
36870
36871
36883
36911
36974
36982
37001
37004
37006
37018
37021
37031
37036
37054
37058
37061
37085
37107
37126
37144
37163
37171
37193
37212
37218
37228
37235
37244
37279
37308
37379
37395
37403
37409
37432
37437
37439
37463
37470
37472
37481
37514
37531
37545
37553
37563
37575
37602
37609
37621
37661
37663
37673
37675
37682
37699
37704
37711
37717
37729
37735
37740
37747
37749
37756
37759
37769
37785
37787
37788
37792
37801
37832
37844
37851
37860
37864
37871
37895
37897
37905
37923
37925
37936
37958
37959
37985
37989
38001
38062
38069
38141
38149
38178
38196
38198
38222
38232
38262
38264
38313
38318
38328
38334
38341
38343
38345
38353
38388
38392
38396
38403
38413
38439
38457
38462
38507
38511
38545
38565
38579
38583
38598
38599
38611
38613
38616
38618
38647
38656
38683
38687
38696
38705
38713
38715
38718
38719
38725
38734
38744
38750
38763
38774
38799
38806
38812
38836
38838
38844
38846
38847
38851
38856
38869
38875
38878
38880
38886
38895
38911
38915
38927
38932
38933
38944
38947
38951
38954
38957
38974
38987
40022
40025
40030
40061
40066
40080
40095
40100
40101
40103
40110
40153
40179
40180
40183
40190
40199
40250
40255
40260
40265
40270
40272
40296
40310
40340
40356
40357
40360
40361
40362
40373
40375
40377
40394
40400
40401
40405
40416
40417
40420
40430
40435
40437
40439
40550
40551
40552
40553
40568
40570
40573
40580
40581
40582
40585
40586
40587
40588
40590
40592
40593
40594
40596
40602
40603
40604
40605
40606
40607
40608
40609
40610
40611
40616
40619
40620
40621
40622
40623
40627
40629
40631
40632
40633
40634
40635
40637
40638
40642
40643
40645
40646
40650
40655
40656
40657
40658
40660
40662
40664
40665
40666
40670
40672
40674
40675
40676
40680
40684
40686
40689
40690
40691
40700
40701
40703
40704
40706
40708
40710
40712
40713
40716
40718
40719
40721
40723
40726
40727
40729
40731
40732
40734
40736
40737
40738
40739
40740
40741
40743
40745
40747
40754
40757
40762
40763
40766
40768
40769
40780
40782
40783
40785
40789
40791
40792
40794
40798
40800
40809
40811
40812
40818
40821
40827
40829
40831
40833
40835
40836
40841
40845
40848
40851
40853
40854
40856
40857
40858
40859
40872
40875
40877
40878
40879
40882
40883
40889
40890
40893
40898
40911
40951
41024
41030
41036
41055
41061
41084
41112
41114
41128
41136
41140
41150
41160
41161
41162
41164
41167
41170
41171
41173
41175
41176
41177
41178
41184
41194
41196
41198
41200
41216
41217
41218
41240
41241
41242
41244
41246
41249
41250
41252
41253
41254
41255
41256
41257
41258
41259
41262
41263
41264
41265
41267
41268
41270
41272
41275
41276
41280
41287
41288
41290
41292
41293
41295
41301
41312
41314
41315
41316
41372
41390
41391
41396
41398
41399
41404
41407
41431
41434
41437
41438
41443
41452
41466
41477
41480
41494
41506
41508
41515
41523
41529
41535
41536
41560
41571
41573
41574
41594
41598
41599
41600
41620
41624
41630
41640
41660
41675
41678
41685
41696
41697
41700
41710
41712
41715
41718
41725
41739
41744
41746
41749
41756
41759
41764
41768
41780
41785
41858
41859
41863
41883
41886
41891
41895
41907
41909
41915
41923
41926
41929
41933
41936
41939
41941
41943
41946
41947
41950
41951
41953
41958
41960
41963
41964
41965
41966
41978
41984
41989
41992
41998
42027
42071
42101
42111
42131
42165
42182
42189
42260
42309
42314
42328
42339
42348
42361
42369
42379
42398
42410
42415
42452
42463
42475
42492
42559
42570
42571
42587
42591
42623
42634
42647
42667
42675
42701
42706
42724
42737
42754
42779
42798
42809
42840
42867
42874
42886
42895
42909
42921
42933
42970
42971
43003
43014
43041
43063
43086
43110
43117
43128
43150
43185
43189
43192
43198
43201
43213
43226
43233
43237
43245
43279
43284
43295
43311
43314
43321
43329
43333
43344
43346
43353
43369
43371
43404
43413
43415
43418
43421
43422
43424
43436
43441
43444
43450
43466
43467
43473
43475
43476
43479
43486
43495
43497
43533
43555
43577
43588
43599
44203
44207
44212
44213
44214
44215
44218
44225
44230
44231
44232
44237
44239
44241
44256
44259
44265
44272
44275
44277
44282
44284
44285
44287
44288
44292
44294
44298
44302
44304
44305
44313
44314
44317
44336
44341
44347
44352
44354
44358
44373
44404
44406
44409
44416
44418
44424
44429
44434
44438
44449
44454
44462
44474
44477
44478
45007
45011
45032
45035
45039
45044
47003
47005
47008
47014
47016
47020
47022
47025
47028
47031
47035
47037
47039
47041
47046
47050
47052
47055
47058
47060
47061
47065
47067
47068
47069
47070
47075
47090
47095
47097
47098
47099
47100
47101
47102
47104
47105
47106
47108
47112
47114
47115
47119
47121
47127
47129
47130
47131
47133
47135
47136
47137
47138
47140
47143
47145
47146
47150
47152
47154
47155
47156
47157
47159
47162
47165
47168
47169
47170
47171
47172
47173
47174
47175
47184
47185
47188
47189
47192
47401
47407
47409
47412
47418
47420
47421
47426
47430
47570
47575
47582
47584
47590
47600
47604
47605
47610
47624
47629
47636
47648
47651
47655
47662
47675
47678
47740
47741
47746
47750
47765
47772
47778
47800
47807
47815
47817
47827
47830
47843
47887
47891
47893
47895
47909
47918
47927
47936
47945
47971
47991
48001
48004
48008
48010
48018
48019
48020
48025
48030
48031
48033
48034
48035
48037
48039
48040
48042
48043
48045
48047
48048
48051
48052
48053
48055
48057
48060
48062
48064
48065
48067
48071
48072
48074
48075
48077
48078
48080
48085
48087
48092
48093
48094
48095
48097
48099
48101
48103
48107
48108
48109
48110
48112
48300
48302
48303
48304
48307
48310
48315
48324
48325
48327
48328
48329
48330
48331
48333
48334
48350
48351
48352
48353
48354
48355
48356
48357
48358
48360
48372
48373
48374
48375
48376
48377
48378
48379
48380
48381
48382
48383
48384
48385
48386
48387
48390
48400
48401
48402
48403
48404
48405
48407
48408
48409
48413
48415
48416
48418
48419
48420
48421
48425
48426
48427
48429
48430
48431
48432
48433
48434
48435
48436
48437
48439
48440
48450
48451
48453
48454
48455
48456
48457
48458
48459
48460
48461
48462
48463
48464
48465
48474
48475
48477
48478
48479
48480
48481
48500
48501
48517
48520
48532
48550
48551
48552
48554
48555
48556
48557
48560
48561
48563
48564
48565
48566
48567
48568
48569
48570
48571
48574
48580
48581
48583
48601
48615
48620
48647
48650
48657
48665
48698
48803
48806
48808
48823
48825
48826
48830
48839
48840
48845
48848
48852
48855
48866
48870
48877
48887
48892
48894
48914
48916
48917
48918
48919
48920
48921
48924
48925
48926
48927
48928
48930
48935
48938
48940
48941
48944
48945
48946
48947
48948
48952
48955
48957
48966
48968
48972
48983
48985
48991
48995
48997
48998
50136
50353
50434
50468
50527
50548
50557
50564
50603
50632
50658
50727
50745
50756
50774
50788
50844
50854
50888
50915
50949
50953
50963
50968
50978
50983
51053
51076
51087
51133
51156
51243
51288
51334
51379
51431
51463
51467
51495
51542
51573
51644
51656
51709
51711
51716
51730
51747
51765
51777
51811
51818
51828
51886
52112
52203
52267
52323
52378
52418
52436
52495
52533
52602
52652
52681
52713
52737
52754
52787
52818
52836
52866
52889
52908
52955
52983
52996
53068
53083
53149
53192
53231
53276
53336
53352
53391
53463
53480
53487
53502
53513
53529
53543
53564
53588
53593
53614
53646
53673
53698
53705
53723
53764
53772
53787
53798
53845
53863
53898
53915
53923
53959
53975
54012
54026
54027
54049
54094
54096
54102
54115
54135
54157
54161
54186
54208
54218
54226
54236
54259
54273
54292
54308
54311
54324
54337
54342
54346
54374
54377
54386
54401
54405
54423
54436
54471
54493
54497
54511
54527
54534
54539
54602
54618
54662
54715
54725
54751
54753
54776
54808
54823
54826
54836
54843
54857
54863
54909
54916
54929
54945
55228
55279
55299
55472
55578
55591
55664
55696
55773
56004
56018
56021
56029
56033
56046
56065
56079
56080
56096
56106
56116
56137
56144
56146
56152
56167
56172
56182
56187
56196
56247
56257
56287
56312
56357
56374
56385
56444
56462
56492
56571
56586
56651
56671
56684
56691
56739
56748
56751
56763
56768
56778
56786
56838
56886
56946
56951
56954
56959
56964
56966
56969
56977
56985
57014
57025
57046
57067
57071
57083
57127
57131
57178
57193
57237
57245
57259
57265
57279
57290
57297
57306
57328
57348
57378
57399
57411
57426
57447
57461
57476
57494
57503
57516
57554
57584
57598
57604
57633
57655
57662
57687
57707
57731
57745
57766
57776
57793
57799
57816
57832
57845
57853
57866
57902
57916
57922
57932
57957
57972
57993
58027
58040
58102
58141
58150
58203
58208
58221
58238
58251
58265
58314
58321
58338
58345
58362
58424
58437
58457
58472
58477
58506
58527
58556
58569
58606
58633
58646
58666
58715
58725
58730
58731
58752
58754
58813
58834
58847
58911
58921
58926
58931
58944
58968
58974
59007
59023
59046
59058
59072
59082
59087
59096
59102
59117
59134
59158
59209
59211
59254
59265
59278
59287
59293
59316
59358
59417
59431
59456
59493
59501
59559
59562
59567
59632
59644
59658
59663
59673
59758
59792
59838
59845
59855
59948
59981
59985
59997
60001
60005
60007
60015
60020
60025
60030
60035
60040
60060
60096
60101
60105
60106
60107
60115
60127
60135
60141
60150
60155
60156
60185
60190
60191
60195
60210
60220
60230
60252
60265
60280
60285
60318
60320
60338
60340
60351
60353
60355
60360
60367
60369
60390
60395
60401
60402
60403
60417
60419
60421
60423
60425
60430
60437
60444
60445
60452
60457
60461
60467
60468
60475
60490
60492
60507
60511
60514
60515
60517
60518
60520
60522
60525
60531
60535
60536
60540
60549
60550
60555
60557
60559
60560
60563
60566
60571
60580
60581
60590
60602
60603
60607
60611
60620
60630
60640
60656
60670
60680
60686
60710
60714
60715
60720
60723
60725
60728
60729
60731
60732
60734
60735
60738
60739
60740
60742
60745
60748
60750
60760
60764
60769
60770
60772
60775
60780
61017
61024
61036
61043
61045
61049
61052
61053
61075
61080
61085
61090
61091
61096
61099
61230
61233
61235
61257
61265
61270
61272
61277
61285
61291
61293
61296
61297
61404
61415
61421
61437
61442
61450
61461
61489
61492
61497
61498
61499
61510
61600
61612
61627
61630
61641
61666
61679
61687
61695
61697
61698
61699
61701
61705
61707
61711
61712
61717
61721
61722
61731
61733
61766
61769
61781
61802
61809
61816
61818
61820
61832
61849
61856
61901
61902
61968
61970
61972
61974
61976
61980
61986
61988
61989
61990
61995
61996
61997
61998
62002
62007
62008
62010
62012
62016
62018
62019
62062
62103
62131
62161
62176
62200
62259
62271
62305
62306
62309
62318
62325
62332
62335
62336
62337
62357
62366
62387
62393
62403
62405
62414
62416
62417
62419
62420
62423
62425
62432
62435
62440
62452
62455
62456
62457
62458
62459
62463
62465
62476
62600
62640
62641
62650
62660
62680
62682
62700
62721
62730
62733
62750
62751
62752
62760
62762
62770
62771
62772
62774
62781
62790
62795
62803
62805
62809
62810
63125
63210
63250
63330
63331
63332
63333
63334
63340
63402
63403
63450
63451
63453
63460
63471
63474
63478
63500
63533
63612
63619
63641
63654
63658
63661
63671
63680
63682
63688
63695
63705
63708
63714
63717
63720
63723
63729
63733
63740
63756
63772
63789
63791
63793
63801
63820
63832
63862
63866
63870
63881
63887
63894
63932
63962
63971
63980
64005
64006
64040
64155
64180
64184
64206
64210
64211
64220
64222
64224
64247
64360
64380
64381
64383
64387
64390
64400
64401
64402
64403
64405
64450
64452
64453
64454
64456
64458
64459
64460
64462
64463
64500
64501
64507
64510
64512
64550
64551
64556
64560
64570
64600
64601
64650
64700
64701
64702
64705
64706
64708
64709
64750
64751
64753
64754
64756
64757
64758
64810
64820
64860
64870
64910
65001
65010
65028
65030
65046
65073
65075
65101
65108
65112
65123
65124
65125
65134
65167
65200
65201
65208
65210
65213
65215
65222
65229
65232
65236
65243
65250
65252
65257
65264
65271
65306
65319
65330
65335
65338
65344
65351
65352
65355
65357
65361
65376
65380
65387
65401
65404
65416
65418
65432
65439
65442
65445
65450
65453
65457
65459
65460
65462
65465
65467
65469
65472
65473
65475
65502
65503
65505
65507
65510
65516
65518
65522
65545
65557
65560
65562
65563
65578
65585
65592
65594
65599
65660
66104
66118
66160
66260
66285
66310
66318
66325
66390
66460
67002
67004
67005
67009
67012
67020
67023
67025
67027
67037
67067
67072
67073
67083
67085
67095
67107
67113
67117
67131
67137
67143
67152
67157
67161
67197
67201
67205
67215
67217
67221
67223
67237
67241
67261
67273
67280
67283
67291
67295
67297
67301
67315
67323
67327
67331
67335
67341
67346
67421
67423
67424
67485
67489
67493
67551
67561
67584
67585
67586
67591
67597
67599
67687
67689
67690
67692
67693
67695
67699
67765
67767
67775
67779
67791
67796
67843
67853
67861
67867
67881
67891
67895
67965
67969
67975
67977
67983
67991
68004
68006
68010
68014
68018
68024
68026
68029
68030
68032
68038
68040
68054
68070
68098
68109
68110
68112
68116
68148
68151
68155
68174
68176
68182
68183
68185
68188
68212
68226
68234
68240
68242
68253
68255
68263
68267
68268
68271
68272
68273
68287
68289
68296
68297
68298
68299
68300
68312
68320
68322
68325
68328
68329
68331
68335
68338
68341
68342
68343
68345
68349
68350
68352
68353
68355
68362
68368
68370
68377
68380
68387
68392
68396
68398
68399
68400
68403
68408
68411
68416
68424
68429
68438
68442
68449
68454
68461
68471
68474
68478
68479
68481
68487
68488
68491
68494
68497
68512
68513
68523
68524
68527
68538
68546
68558
68572
68575
68580
68581
68583
68587
68588
68589
68591
68592
68613
68614
68618
68624
68633
68647
68651
68668
68712
68714
68715
68717
68718
68722
68723
68727
68737
68744
68747
68752
68754
68816
68817
68821
68825
68828
68832
68835
68842
68843
68849
68858
68906
68912
68916
68918
68920
68921
68925
68926
68928
68935
68994
70133
70174
70194
70200
70219
70231
70232
70251
70261
70267
70271
70273
70316
70321
70326
70333
70340
70343
70350
70361
70381
70414
71001
71002
71003
71004
71005
71006
71007
71008
71009
71010
71011
71012
71013
71014
71015
71017
71018
71019
71020
71021
71022
71023
71024
71026
71027
71028
71029
71030
71031
71032
71033
71035
71038
71039
71040
71041
71042
71043
71044
71045
71046
71047
71048
71050
71051
71055
71056
71057
71059
71060
71061
71062
71063
71064
71065
71066
71067
71068
71069
71070
71072
71073
71074
71075
71076
71077
71078
71079
71083
71084
71085
71087
71088
71089
71090
71091
71092
71093
71094
71095
71096
71097
71098
71099
71101
71102
71104
71105
71107
71108
71109
71110
71111
71112
71113
71114
71115
71116
71118
71120
71121
71122
71123
71125
71127
71129
71130
71131
71132
71133
71135
71136
71137
71139
71140
71141
71142
71144
71145
71147
71148
71149
71150
71151
71152
71153
71154
71155
71156
71157
71158
71159
71160
71161
71162
71163
71164
71165
71166
71167
71168
71170
71171
71172
71174
71176
71177
71178
71179
71180
71181
71183
71184
71185
71186
71187
71188
71189
71190
71191
71192
71193
71196
71197
71198
71199
71200
71201
71202
71203
71204
71207
71208
71209
71211
71212
71213
71214
71215
71216
71217
71218
71219
71220
71221
71222
71223
71224
71225
71226
71227
71228
71229
71230
71231
71232
71233
71234
71235
71236
71237
71238
71239
71240
71242
71243
71244
71245
71246
71247
71248
71249
71250
71251
71252
71253
71254
71255
71256
71257
71258
71259
71260
71261
71263
71264
71265
71267
71268
71269
71270
71271
71272
71273
71274
71275
71276
71277
71278
71279
71282
71283
71284
71285
71286
71287
71288
71289
71290
71291
71292
71293
71294
71295
71296
71297
71298
71299
71300
71301
71302
71303
71304
71305
71306
71307
71308
71309
71310
71311
71312
71314
71315
71316
71317
71318
71319
71320
71321
71322
71323
71331
71332
71334
71335
71337
71338
71339
71340
71341
71342
71343
71344
71345
71346
71347
71348
71349
71350
71351
71352
71353
71354
71355
71356
71357
71358
71359
71360
71361
71362
71363
71364
71365
71366
71367
71368
71369
71370
71371
71372
71373
71374
71375
71376
71377
71378
71379
71380
71381
71382
71383
71384
71385
71386
71387
71388
71389
71390
71391
71392
71393
71395
71397
71398
71399
71400
71401
71402
71403
71404
71405
71406
71407
71408
71409
71410
71411
71412
71413
71414
71415
71417
71418
71419
71421
71423
71424
71425
71426
71427
71428
71429
71430
71431
71432
71433
71434
71435
71436
71437
71439
71440
71441
71442
71443
71444
71445
71446
71447
71448
71449
71450
71451
71452
71453
71454
71455
71456
71457
71458
71459
71460
71461
71462
71463
71464
71465
71466
71467
71468
71470
71471
71472
71473
71474
71475
71476
71477
71478
71479
71480
71481
71482
71483
71484
71485
71486
71487
71488
71489
71490
71491
71493
71494
71495
71496
71497
71498
71499
71500
71501
71502
71503
71504
71505
71506
71507
71508
71509
71510
71511
71512
71513
71514
71515
71516
71517
71518
71519
71520
71521
71522
71523
71524
71525
71526
71527
71528
71529
71532
71534
71535
71536
71537
71538
71539
71540
71541
71542
71543
71544
71545
71546
71547
71548
71549
71550
71551
71552
71553
71554
71555
71556
71557
71558
71559
71560
71564
71565
71566
71567
71568
71569
71570
71571
71572
71573
71574
71575
71576
71577
71578
71579
71580
71582
71584
71585
71586
71587
71588
71589
71590
71592
71597
71598
71599
71600
71603
71604
71605
71607
71608
71609
71610
71611
71612
71614
71616
71617
71618
71619
71621
71622
71623
71624
71625
71627
71628
71629
71631
71632
71633
71634
71636
71637
71638
71639
71640
71642
71645
71646
71660
71663
71665
71666
71667
71668
71669
71670
71671
71672
71673
71674
71675
71678
71679
71680
71681
71682
71683
71684
71685
71686
71687
71688
71689
71690
71691
71692
71693
71694
71695
71696
71697
71699
71700
71701
71702
71704
71705
71706
71707
71709
71710
71712
71713
71714
71715
71716
71717
71718
71719
71720
71721
71723
71724
71725
71726
71727
71728
71729
71730
71731
71732
71733
71734
71736
71737
71738
71739
71741
71742
71743
71744
71746
71747
71748
71750
71751
71752
71753
71754
71756
71758
71761
71765
71766
71767
71768
71769
71770
71771
71772
71774
71775
71776
71777
71778
71779
71780
71781
71782
71783
71784
71785
71786
71787
71788
71789
71791
71792
71793
71794
71795
71796
71797
71799
71800
71801
71803
71805
71807
71808
71809
71810
71812
71813
71814
71815
71816
71818
71819
71820
71821
71823
71824
71825
71826
71827
71828
71829
71831
71832
71833
71834
71835
71837
71839
71840
71841
71842
71845
71846
71848
71849
71850
71851
71854
71856
71857
71858
71861
71862
71865
71867
71868
71869
71871
71872
71874
71876
71877
71878
71879
71880
71882
71883
71884
71886
71887
71888
71889
71890
71892
71893
71894
71895
71896
71897
71899
71900
71902
71903
71904
71906
71907
71909
71911
71912
71914
71915
71916
71917
71918
71920
71921
71922
71923
71924
71925
71926
71927
71928
71930
71931
71932
71933
71934
71935
71936
71938
71940
71941
71943
71944
71945
71946
71947
71948
71949
71950
71951
71952
71954
71956
71959
71960
71962
71963
71964
71965
71966
71967
71968
71970
71971
71972
71973
71974
71975
71976
71977
71978
71979
71980
71981
71982
71983
71984
71985
71986
71987
71988
71989
71990
71999
72201
72202
72203
72205
72206
72207
72208
72211
72212
72214
72217
72218
72219
72220
72222
72223
72226
72231
72234
72235
72240
72241
72243
72248
72250
72251
72253
72254
72255
72256
72259
72261
72263
72265
72266
72267
72268
72270
72271
72274
72278
72290
72295
72297
72302
72306
72308
72310
72311
72312
72314
72315
72317
72320
72323
72324
72326
72327
72332
72334
72344
72351
72353
72356
72360
72363
72365
72370
72371
72374
72376
72383
72384
72386
72387
72389
72394
72401
72402
72403
72405
72406
72407
72408
72410
72411
72412
72414
72417
72421
72422
72423
72425
72428
72429
72432
72434
72435
72438
72440
72445
72446
72450
72451
72456
72458
72462
72464
72465
72475
72476
72480
72486
72488
72492
72494
72502
72503
72504
72506
72507
72508
72509
72513
72514
72515
72517
72518
72519
72520
72521
72524
72525
72526
72528
72529
72530
72532
72533
72534
72535
72536
72537
72539
72543
72544
72546
72547
72548
72550
72551
72552
72556
72557
72562
72564
72565
72566
72567
72569
72570
72572
72578
72583
72591
72592
72594
72597
72605
72606
72617
72635
72636
72637
72638
72639
72640
72641
72644
72645
72651
72654
72658
72659
72662
72666
72672
72677
72681
72683
72688
72693
72694
72698
72712
72734
72745
72747
72753
72764
72767
72768
72772
72773
72776
72777
72781
72783
72785
72791
72792
72793
72797
74486
74740
76040
76055
76061
76113
76122
76160
76220
76225
76243
76253
76256
76258
76305
76311
76323
76342
76373
76382
76390
76393
76402
76405
76412
76423
76458
76471
76491
76499
76519
76525
76539
76543
76548
76556
76571
76573
76577
76581
76585
76593
76612
76625
76632
76634
76640
76644
76647
76654
76656
76658
76662
76665
76675
76680
76681
76683
76685
76687
76692
76695
76698
76726
76737
76741
76743
76750
76751
76762
76773
76775
76805
76833
76840
76843
76845
76848
76855
76903
78016
78062
78073
78224
78229
78255
78264
78310
78312
78315
78316
78318
78322
78324
78325
78328
78333
78344
78345
78348
78349
78351
78352
78353
78355
78358
78360
78363
78365
78369
78383
78384
78387
78388
78397
78451
78458
78460
78464
78467
78473
78479
78480
78482
78484
78485
78486
78488
78526
78543
78583
78615
78627
78637
78641
78647
78650
78655
78663
78670
78672
78700
78703
78704
78705
78706
78707
78708
78711
78714
78717
78718
78719
78720
78724
78744
78762
78764
78767
78774
78793
78795
78846
78858
78862
78866
78873
78897
78905
78906
78922
78925
78947
78948
78951
78954
78958
78962
78970
78982
78988
78990
80001
80002
80009
80022
80028
80035
80036
80063
80084
80091
80094
80097
80099
80110
80112
80139
80144
80210
80211
80214
80222
80234
80259
80315
80342
80370
80398
80403
80405
80407
80410
80413
80415
80419
80420
80421
80423
80425
80426
80427
80428
80431
80432
80434
80435
80437
80438
80440
80444
80447
80448
80450
80453
80457
80472
80475
80476
81001
81002
81006
81058
81080
81100
81200
81202
81209
81225
81401
81405
81408
81415
81717
81909
82022
82024
82042
82067
82096
82098
82099
82106
82113
82141
82143
82145
82178
82181
82184
82188
82191
82193
82198
82212
82240
82244
82246
82263
82280
82281
82287
82317
82326
82331
82332
82333
82336
82353
82361
82376
82382
82392
82397
82398
82400
82410
82411
82425
82444
82445
82460
82476
82480
82487
82493
82533
82562
82564
82565
82567
82571
82578
82579
82583
82586
82588
82590
82594
82595
82596
82598
82599
82610
82659
82668
82676
82678
82683
82686
82689
82690
82691
82693
82696
82704
82723
82753
82765
82768
82777
82780
82784
82789
82791
82792
82795
82796
82797
82798
82800
82807
82824
82861
82863
82879
82882
82886
82890
82893
82899
82900
82915
82917
82965
82970
82975
82976
82979
82983
82984
82986
82989
82990
82992
82993
82994
82996
83011
83033
83054
83064
83065
83075
83076
83090
83095
83096
83097
83103
83115
83117
83179
83182
83184
83186
83190
83192
83195
83208
83214
83221
83222
83228
83229
83235
83236
83242
83244
83248
83249
83267
83270
83286
83288
83292
83295
83309
83319
83332
83334
83338
83339
83344
83349
83358
83361
83362
83363
83364
83368
83374
83376
83377
83378
83379
83384
83386
83388
83393
83395
83398
83405
83408
83410
83419
83423
83424
83428
83436
83437
83441
83442
83446
83460
83464
83470
83479
83481
83483
83488
83492
83498
83499
83514
83521
83522
83525
83526
83531
83538
83550
83554
83565
83566
83570
83576
83577
83579
83582
83583
83586
83587
83589
83592
83595
83599
83612
83616
83623
83630
83635
83639
83642
83648
83649
83650
83652
83669
83671
83676
83683
83687
83689
83692
83695
83698
83700
83702
83708
83714
83718
83721
83722
83726
83736
83738
83743
83746
83748
83749
83755
83766
83767
83768
83778
83779
83780
83781
83783
83784
83811
83813
83827
83829
83836
83840
83842
83844
83851
83872
83881
83883
83887
83891
83897
83899
83905
83907
83912
83914
83916
83919
83920
83925
83926
83927
83928
83936
83937
83942
83948
83952
83964
83967
83970
83971
83980
83995
83997
83998
84001
84008
84010
84018
84027
84036
84043
84045
84050
84056
84063
84069
84071
84072
84076
84088
84099
84101
84105
84117
84123
84132
84135
84140
84143
84147
84160
84163
84176
84179
84200
84202
84203
84204
84217
84226
84239
84252
84265
84270
84370
84377
84390
84401
84410
84425
84444
84452
84455
84472
84474
84501
84515
84531
84534
84542
84564
84628
84658
84673
84686
84688
84691
84720
84735
84752
84773
84782
85041
85043
85104
85109
85114
85123
85139
85140
85141
85152
85153
85154
85175
85195
85196
85201
85207
85210
85223
85242
85244
85245
85247
85264
85268
85283
85289
85293
85312
85315
85345
85364
85365
85394
85406
85418
85432
85442
85467
85469
85488
85574
85577
85585
85586
85629
85672
85682
85743
85744
85766
85782
85799
85830
85832
85834
85836
85862
85864
85874
85886
85892
85930
85934
85968
85972
86065
86068
86086
86097
86128
86134
86170
86185
86192
86210
86218
86221
86233
86234
86246
86255
86260
86268
86285
86297
86330
86360
86460
86490
86530
86545
86565
86580
86973
87007
87016
87022
87046
87047
87078
87097
87121
87129
87148
87155
87162
87166
87178
87217
87222
87244
87257
87270
87289
87311
87320
87328
87344
87349
87371
87374
87393
87395
87416
87418
87436
87448
87453
87467
87480
87497
87506
87509
87532
87534
87548
87563
87576
87582
87585
87593
87623
87640
87641
87645
87648
87688
87692
87715
87750
87765
87774
87784
87791
87800
87803
87828
87852
87860
87896
87904
87909
87925
87938
88870
88878
88881
88883
88889
88894
88897
88900
88903
88963
88968
89002
89003
89004
89009
89013
89014
89016
89022
89034
89050
89053
89054
89055
89056
89057
89058
89059
89061
89062
89063
89065
89066
89108
89132
89251
89262
89266
89269
89272
89314
89324
89329
89345
89376
89377
89504
89507
89512
89514
89532
89542
89564
89571
89573
89574
89575
89577
89578
89592
89598
89601
89606
89611
89614
89625
89642
89646
89648
89657
89659
89661
89662
89664
89666
89667
89734
89744
89767
89768
89769
89799
89807
89815
89828
89832
89834
89864
89865
89866
89868
89869
89872
89873
89879
91165
91182
91190
91203
91212
91245
91285
91317
91320
91324
91329
91334
91339
91343
91348
91353
91356
91367
91369
91371
91376
91408
91413
91425
91434
91490
91502
91503
91507
91517
91520
91541
91551
91553
91554
91555
91557
91565
91568
91570
91573
91574
91577
91579
91582
91583
91587
91590
91592
91596
91601
91610
91623
91636
91643
91648
91650
91652
91656
91659
91660
91669
91670
91676
91680
91682
91683
91691
91693
91697
91699
91701
91753
91754
91759
91762
91765
91772
91776
91779
91784
91792
91802
91809
91824
91831
91843
91925
91929
91938
91943
91944
91945
91948
91954
91958
91964
92001
92014
92040
92044
92045
92047
92100
93004
93023
93069
93110
93186
93196
93245
93292
93309
93339
93373
93404
93420
93439
93498
93515
93527
93546
93597
93615
93678
93709
93773
93781
93800
93805
93831
93845
93891
93909
93929
93947
93985
93994
94100
94102
94103
94105
94106
94108
94109
94110
94116
94117
94119
94120
94121
94122
94125
94127
94128
94129
94130
94131
94132
94134
94135
94137
94139
94140
94141
94143
94147
94150
94151
94152
94153
94170
94171
94174
94182
94183
94186
94188
94200
94201
94202
94203
94204
94206
94207
94210
94211
94212
94213
94214
94215
94216
94217
94220
94225
94229
94231
94232
94234
94236
94238
94239
94242
94248
94254
94255
94257
94258
94260
94261
94266
94268
94274
94276
94284
94285
94287
94289
94290
94291
94292
94293
94294
94295
94298
94299
94300
94302
94303
94306
94307
94308
94309
94311
94312
94313
94316
94317
94318
94319
94320
94321
94322
94323
94324
94326
94327
94328
94332
94333
94334
94335
94336
94337
94338
94340
94341
94342
94343
94344
94345
94346
94348
94349
94350
94355
94356
94360
94363
94365
94366
94367
94368
94370
94371
94372
94373
94374
94376
94377
94378
94379
94380
94381
94384
94386
94387
94388
94390
94393
94394
94395
94396
94399
94401
94402
94403
94404
94405
94411
94414
94415
94417
94422
94429
94430
94439
94440
94444
94449
94450
94451
94457
94461
94462
94463
94466
94474
94476
94477
94480
94485
94488
94497
94498
94500
94510
94511
94513
94514
94515
94517
94520
94521
94525
94530
94541
94542
94544
94547
94549
94550
94552
94553
94555
94556
94557
94558
94562
94564
94566
94567
94568
94569
94570
94571
94572
94573
94575
94576
94578
94580
94582
94584
94585
94586
94587
94588
94589
94592
94593
94594
94596
94598
94599
94600
94601
94602
94603
94604
94605
94608
94609
94610
94612
94614
94615
94617
94620
94621
94622
94623
94625
94627
94628
94630
94631
94632
94633
94636
94637
94638
94640
94641
94642
94643
94644
94645
94647
94651
94653
94654
94655
94656
94657
94658
94659
94661
94662
94663
94665
94666
94668
94672
94673
94674
94675
94676
94677
94678
94679
94680
94681
94682
94683
94684
94685
94686
94688
94689
94690
94691
94692
94693
94694
94695
94696
94698
94700
94702
94703
94704
94706
94707
94708
94709
94710
94711
94712
94714
94715
94716
94721
94723
94725
94727
94728
94729
94730
94732
94733
94735
94736
94738
94740
94741
94743
94744
94746
94747
94749
94750
94752
94754
94755
94756
94757
94759
94760
94761
94762
94763
94764
94765
94766
94767
94768
94772
94773
94774
94775
94776
94781
94782
94783
94785
94786
94788
94789
94790
94791
94792
94801
94802
94804
94806
94807
94808
94809
94811
94812
94813
94814
94816
94817
94820
94821
94822
94826
94827
94828
94829
94830
94831
94833
94834
94835
94836
94837
94838
94839
94840
94841
94842
94843
94844
94846
94847
94849
94850
94852
94854
94855
94857
94859
94860
94861
94862
94863
94864
94865
94866
94868
94870
94871
94872
94874
94875
94877
94878
94879
94881
94882
94883
94884
94886
94888
94889
94890
94891
94892
94893
94894
94898
94899
94900
94901
94903
94905
94906
94907
94908
94909
94910
94911
94912
94913
94914
94915
94918
94919
94921
94923
94925
94926
94927
94928
94929
94930
94932
94933
94934
94935
94937
94938
94939
94941
94943
94949
94950
94951
94953
94954
94955
94956
94957
94958
94959
94960
94961
94962
94963
94964
94966
94967
94969
94970
94971
94972
94974
94975
94976
94977
94979
94980
94981
94983
94985
94987
94988
94995
94996
94997
94998
95101
95111
95121
95142
95146
95204
95205
95214
95283
95284
95286
95288
95291
95292
95293
95295
95296
95303
95304
95305
95307
95317
95322
95323
95351
95362
95367
95369
95370
95402
95448
95458
95480
95481
95482
95485
95487
95492
95512
95520
95527
95529
95533
95541
95543
95551
95565
95566
95570
95571
95572
95573
95575
95581
95591
95600
95603
95604
95606
95607
95608
95610
95611
95612
95613
95614
95615
95616
95617
95618
95621
95622
95623
95624
95625
95626
95627
95628
95629
95631
95632
95634
95635
95636
95637
95638
95639
95640
95641
95642
95644
95646
95647
95654
95657
95658
95659
95660
95661
95662
95663
95664
95666
95667
95668
95669
95670
95671
95674
95676
95677
95678
95687
95692
95695
95697
95699
95704
95705
95706
95707
95708
95709
95710
95715
95716
95717
95718
95719
95721
95722
95723
95725
95726
95727
95728
95734
95735
95740
95744
95746
95747
95748
95749
95753
95754
95758
95762
95764
95765
95767
95770
95771
95772
95773
95774
95775
95778
95779
95784
95805
95806
95807
95811
95812
95813
95814
95815
95816
95818
95822
95823
95825
95827
95831
95832
95833
95835
95836
95837
95838
95839
95840
95843
95845
95853
95866
95867
95869
95873
95874
95881
95890
95895
95896
95901
95904
95908
95909
95912
95913
95916
95918
95925
95929
95931
95935
95936
95937
95940
95952
95953
95954
95956
95957
95958
95959
95960
95961
95962
95964
95966
95967
95969
95972
95973
95974
95975
95977
95979
95981
95984
95985
95986
95988
95989
96001
96009
96011
96015
96033
96035
96073
96075
96087
96091
96109
96145
96147
96163
96171
96179
96195
96207
96221
96237
96249
96253
96295
96315
96413
96421
96441
96449
96465
96471
96481
96491
96505
96509
96525
96529
96535
96557
96559
96565
96581
96595
96607
96615
96633
96645
96655
96685
96695
96737
96739
96741
96745
96749
96751
96781
96791
96797
96805
96837
96839
96925
96933
96935
96937
96973
96987
96995
96996
97008
97014
97016
97028
97048
97072
97086
97096
97120
97126
97142
97146
97180
97182
97192
97230
97240
97260
97270
97284
97300
97310
97320
97340
97372
97378
97380
97406
97430
97460
97502
97530
97560
97570
97580
97600
97630
97682
97686
97690
97698
97700
97722
97724
97748
97760
97780
97790
97796
97810
97876
97900
97980
98132
98133
98134
98222
98223
98232
98233
98324
98325
98327
98328
98330
98334
98336
98425
98426
98427
98428
98429
98430
98431
98432
98433
98434
98435
98440
98444
98446
98526
98531
98536
98538
98543
98546
98548
98550
98553
98558
98618
98630
98642
98644
98646
98648
98653
98741
98746
98747
98751
98752
98753
98755
98836
98851
1020093
1021042
1022626
1022644
1022716
(8894 rows)
